100
504
0 5 57
0 12 65
0 13 58
0 21 18
0 25 92
0 28 87
0 37 50
0 56 42
0 63 86
0 84 99
0 87 9
1 5 56
1 6 13
1 14 5
1 15 38
1 17 27
1 21 15
1 32 50
1 40 13
1 60 98
1 67 85
1 73 94
1 79 30
1 83 69
2 42 52
2 54 69
2 58 86
2 60 56
3 9 78
3 13 59
3 14 26
3 29 34
3 33 76
3 46 35
3 53 3
3 66 19
3 76 21
3 78 52
3 88 60
3 93 58
4 5 50
4 10 20
4 56 65
4 80 14
5 13 24
5 18 3
5 20 41
5 22 39
5 23 52
5 29 5
5 36 36
5 53 89
5 55 50
5 56 65
5 75 57
5 91 53
5 94 85
5 97 94
6 12 9
6 24 62
6 38 53
6 42 86
6 47 48
6 66 80
6 72 20
6 77 50
6 81 98
6 85 92
6 96 2
7 19 9
7 33 49
7 54 3
7 56 80
7 61 13
7 64 69
7 77 3
7 86 67
7 88 9
8 16 93
8 25 19
8 35 65
8 43 80
8 52 59
8 70 67
8 81 96
8 82 67
9 10 19
9 17 81
9 21 60
9 29 27
9 37 94
9 41 64
9 46 12
9 51 41
9 63 95
9 64 31
9 86 91
10 29 92
10 43 74
10 45 44
10 50 52
10 56 22
10 84 98
10 87 31
10 88 87
11 15 66
11 28 86
11 30 53
11 54 26
11 82 78
11 83 23
11 85 43
11 99 58
12 18 33
12 20 9
12 35 53
12 45 99
12 56 27
12 91 85
12 99 11
13 44 6
13 45 79
13 47 74
13 51 69
13 57 71
13 65 69
13 70 52
13 75 13
13 76 12
13 86 25
14 23 56
14 72 16
14 84 47
14 88 6
14 92 46
14 94 85
15 16 71
15 18 31
15 19 89
15 28 49
15 31 9
15 32 12
15 40 91
15 58 18
15 67 44
15 78 99
16 24 22
16 25 95
16 33 77
16 66 7
16 68 5
16 82 82
16 86 37
16 94 30
16 97 3
17 18 7
17 36 50
17 63 54
17 77 20
17 91 14
18 28 78
18 58 27
18 84 29
18 89 76
18 93 32
19 57 74
19 60 60
19 69 55
19 70 57
19 71 49
19 86 3
19 88 65
19 94 12
20 30 45
20 32 34
20 34 7
20 37 95
20 38 55
20 40 1
20 58 71
20 63 13
20 67 57
20 81 5
20 86 1
21 27 87
21 37 7
21 41 8
21 61 88
21 79 12
21 81 79
21 82 1
21 96 89
22 43 57
22 51 29
22 55 65
22 75 89
22 83 55
22 84 24
23 41 95
23 54 11
23 55 24
23 56 49
23 70 27
23 92 35
24 27 93
24 42 60
24 60 42
24 63 87
24 77 66
24 95 42
25 34 9
25 47 31
25 68 51
25 79 65
25 87 31
25 99 89
26 47 23
26 55 90
26 62 76
26 66 34
26 67 68
26 74 77
26 88 23
27 33 25
27 47 57
27 51 87
27 52 65
27 59 11
27 72 62
27 75 11
27 78 73
28 44 86
28 55 59
28 57 99
28 81 20
28 89 3
28 90 10
29 43 13
29 47 41
29 65 28
29 91 7
29 94 1
29 99 58
30 32 57
30 60 66
30 67 40
30 72 45
30 73 40
30 79 30
30 86 20
30 91 74
31 33 49
31 37 48
31 46 48
31 52 25
31 56 57
31 57 34
31 62 89
31 82 19
31 84 47
31 87 51
31 96 92
32 33 84
32 43 61
32 56 42
32 65 4
32 70 63
32 78 4
32 87 68
33 42 55
33 70 31
33 73 74
34 36 56
34 40 40
34 42 30
34 47 73
34 56 79
34 64 26
34 69 12
34 76 60
34 81 46
34 89 37
35 42 9
35 49 45
35 58 84
35 74 33
35 79 1
36 37 69
36 40 74
36 44 20
36 47 16
36 65 76
36 68 63
36 83 99
36 84 37
36 92 4
36 93 54
37 44 51
37 61 59
37 77 22
37 88 6
37 89 41
37 92 47
38 43 13
38 60 80
38 62 77
38 70 37
38 71 11
38 78 54
38 80 100
38 83 22
38 93 51
38 95 37
39 50 30
39 57 96
39 66 20
39 74 15
39 85 48
39 86 89
39 91 40
39 97 19
40 41 56
40 44 15
40 46 81
40 51 6
40 59 51
40 64 37
40 65 60
40 73 2
40 76 95
40 91 33
40 95 59
40 96 36
41 55 79
41 59 71
41 60 67
41 76 7
41 91 7
41 98 29
42 84 61
42 86 6
43 77 51
43 80 11
43 81 94
43 89 32
44 60 58
44 79 14
44 83 98
44 94 6
44 97 54
44 98 37
45 57 24
45 60 61
45 61 52
45 76 5
45 87 66
45 92 54
46 71 93
47 49 25
47 55 7
47 58 39
47 60 9
47 84 65
47 95 26
48 58 88
48 72 87
48 75 45
48 80 46
48 81 45
48 99 73
49 52 6
49 78 3
49 95 75
49 98 17
50 63 96
50 77 7
50 80 74
50 82 61
50 99 4
51 62 31
51 79 66
51 86 93
51 88 55
51 96 26
51 97 96
52 56 11
52 64 92
52 66 49
52 73 55
52 80 16
52 92 56
52 95 93
52 96 77
53 65 72
53 67 19
53 75 64
53 89 59
53 96 63
54 73 9
54 78 55
54 82 87
54 89 67
55 57 57
55 76 62
55 78 35
56 64 5
56 86 68
57 68 60
57 72 65
57 74 23
57 96 91
58 66 31
58 68 15
58 71 97
58 94 8
58 97 10
59 61 59
59 68 99
59 71 11
59 81 13
59 82 67
59 95 18
60 70 57
61 68 43
61 78 89
61 83 75
61 85 58
61 89 99
61 93 89
62 63 18
62 76 54
62 79 28
62 98 84
63 78 62
63 86 89
63 92 70
63 93 66
63 95 8
64 68 30
64 69 83
64 75 30
64 79 72
64 85 65
64 97 97
65 66 68
65 86 72
65 88 6
65 94 78
65 97 23
66 75 68
66 95 90
66 96 89
67 74 85
67 75 46
67 76 31
67 79 74
67 91 73
68 78 40
68 91 24
68 98 13
69 75 57
69 87 29
69 90 40
70 87 41
70 91 91
71 75 28
71 82 10
71 87 8
71 90 87
71 91 91
71 92 42
72 75 17
72 92 62
72 93 6
72 95 13
73 98 81
74 78 30
74 91 70
74 96 58
75 76 52
77 87 38
77 89 99
78 81 40
78 96 74
79 96 45
79 98 22
80 93 99
80 99 69
81 88 61
82 98 23
82 99 33
83 93 17
84 93 51
85 89 73
86 92 9
86 99 93
88 95 52
89 98 71
90 91 1
90 93 39
92 97 13
93 98 94
94 95 7
95 96 75
