327
5961
0 1 192
0 6 87
0 16 23
0 36 72
0 55 184
0 58 37
0 71 347
0 79 181
0 85 196
0 86 221
0 89 252
0 92 566
0 95 298
0 104 762
0 108 352
0 123 215
0 141 210
0 160 285
0 222 142
0 231 127
0 239 45
0 241 442
0 271 522
0 282 420
0 285 334
0 289 324
0 292 200
0 299 147
0 300 434
0 305 255
0 311 394
0 319 244
1 2 143
1 11 297
1 44 288
1 56 171
1 57 299
1 77 87
1 81 235
1 92 375
1 97 75
1 114 298
1 120 327
1 121 198
1 126 31
1 128 203
1 149 266
1 154 121
1 155 270
1 172 112
1 180 195
1 195 168
1 203 181
1 206 152
1 209 138
1 210 268
1 213 256
1 224 163
1 226 208
1 229 239
1 239 201
1 243 311
1 247 86
1 251 276
1 253 268
1 258 269
1 262 300
1 264 50
1 297 73
1 301 121
1 302 174
1 303 276
1 317 112
2 3 148
2 9 348
2 18 456
2 21 87
2 34 447
2 35 286
2 41 362
2 42 254
2 68 209
2 72 176
2 86 141
2 88 47
2 95 315
2 99 292
2 102 455
2 125 342
2 139 205
2 151 319
2 156 501
2 157 326
2 161 339
2 171 479
2 181 208
2 184 380
2 205 240
2 206 168
2 210 269
2 230 406
2 257 230
2 261 411
2 265 363
2 276 261
2 278 328
2 290 400
2 294 351
2 295 149
2 309 57
2 316 211
3 21 233
3 38 191
3 42 108
3 48 62
3 56 172
3 68 89
3 73 163
3 76 99
3 104 576
3 114 306
3 122 42
3 129 301
3 147 248
3 155 276
3 164 246
3 176 228
3 189 180
3 191 176
3 210 285
3 224 177
3 233 418
3 243 324
3 254 540
3 257 103
3 259 207
3 260 350
3 268 204
3 272 162
3 281 500
3 284 346
3 288 261
3 301 105
3 304 285
3 311 210
3 312 255
3 317 96
4 30 439
4 36 32
4 37 227
4 38 143
4 41 40
4 49 354
4 50 185
4 62 242
4 84 274
4 85 239
4 88 294
4 91 646
4 96 270
4 103 249
4 123 247
4 141 138
4 144 206
4 146 324
4 164 203
4 165 354
4 166 241
4 174 207
4 205 146
4 243 190
4 246 255
4 248 689
4 264 244
4 278 83
4 289 271
4 296 1015
4 314 224
4 316 140
4 323 115
5 12 154
5 23 168
5 35 241
5 53 225
5 81 57
5 97 232
5 137 224
5 154 232
5 159 188
5 188 143
5 196 82
5 202 331
5 209 158
5 215 670
5 232 289
5 236 434
5 238 409
5 245 128
5 273 184
5 276 649
5 285 433
5 288 117
5 295 552
5 308 129
5 316 223
5 319 336
6 10 851
6 17 164
6 39 72
6 49 505
6 53 134
6 69 123
6 84 201
6 101 541
6 102 133
6 104 800
6 105 402
6 107 51
6 111 464
6 122 264
6 139 269
6 140 112
6 145 340
6 147 22
6 151 62
6 159 82
6 164 43
6 165 400
6 168 269
6 179 85
6 218 385
6 219 25
6 221 238
6 244 193
6 253 380
6 255 261
6 265 51
6 274 22
6 279 116
6 284 432
6 286 605
6 289 403
6 293 85
6 309 317
6 312 94
6 325 226
7 8 57
7 25 420
7 32 314
7 38 183
7 56 272
7 66 383
7 71 573
7 91 850
7 92 726
7 95 531
7 99 217
7 141 420
7 148 635
7 151 212
7 157 177
7 164 118
7 166 265
7 172 353
7 174 129
7 201 823
7 203 373
7 216 703
7 219 175
7 226 173
7 228 179
7 237 503
7 238 500
7 239 271
7 245 120
7 256 531
7 278 230
7 296 1188
7 306 135
7 322 497
8 27 179
8 28 370
8 35 436
8 49 679
8 52 223
8 73 511
8 81 242
8 87 287
8 90 699
8 95 558
8 115 406
8 128 574
8 130 169
8 146 632
8 150 227
8 179 178
8 199 248
8 207 447
8 210 608
8 212 205
8 235 492
8 239 303
8 248 900
8 249 179
8 251 175
8 268 306
8 279 282
8 288 142
8 296 1171
8 297 411
8 309 443
8 316 323
8 319 348
8 325 364
9 21 385
9 24 535
9 25 157
9 26 374
9 41 249
9 58 317
9 74 286
9 103 37
9 107 376
9 114 186
9 121 168
9 123 365
9 125 498
9 126 257
9 127 228
9 146 157
9 151 321
9 152 275
9 155 418
9 158 103
9 170 228
9 175 202
9 178 428
9 195 223
9 201 622
9 210 143
9 223 390
9 248 585
9 252 116
9 261 278
9 280 360
9 314 294
10 45 542
10 46 809
10 63 632
10 68 692
10 80 915
10 84 679
10 96 742
10 105 524
10 115 813
10 117 497
10 132 567
10 140 740
10 141 864
10 143 791
10 164 861
10 169 385
10 171 8
10 184 851
10 186 877
10 198 794
10 200 227
10 220 386
10 221 625
10 227 788
10 228 820
10 236 573
10 242 221
10 252 835
10 265 847
10 273 763
10 303 556
10 306 839
10 310 506
10 311 429
10 313 625
10 318 929
11 18 259
11 19 434
11 51 1021
11 59 249
11 61 215
11 82 344
11 84 322
11 91 762
11 113 90
11 117 440
11 123 323
11 131 150
11 135 386
11 140 215
11 144 320
11 147 140
11 163 585
11 173 214
11 204 229
11 223 493
11 227 138
11 250 277
11 257 274
11 268 100
11 273 173
11 288 151
11 290 38
11 297 277
11 298 409
11 324 140
11 326 300
12 17 157
12 23 277
12 29 131
12 30 485
12 34 209
12 37 158
12 42 110
12 50 378
12 55 187
12 66 247
12 73 375
12 85 167
12 88 313
12 89 325
12 94 172
12 101 539
12 122 250
12 144 363
12 166 135
12 172 220
12 180 235
12 181 386
12 197 496
12 199 100
12 209 111
12 218 411
12 220 552
12 229 455
12 264 271
12 325 217
13 14 381
13 31 178
13 32 205
13 33 386
13 35 282
13 58 84
13 61 232
13 68 205
13 69 171
13 87 196
13 92 575
13 95 402
13 106 34
13 118 504
13 135 378
13 146 470
13 153 234
13 155 477
13 160 248
13 161 682
13 171 812
13 207 310
13 220 541
13 221 220
13 222 258
13 228 48
13 246 430
13 258 475
13 259 365
13 264 260
13 266 422
13 278 110
13 286 585
13 287 575
13 288 67
13 289 409
13 301 205
13 316 161
14 16 355
14 41 387
14 52 497
14 53 285
14 68 233
14 75 230
14 76 269
14 90 189
14 92 204
14 102 482
14 103 373
14 106 348
14 109 338
14 116 282
14 118 239
14 141 420
14 144 254
14 147 426
14 172 201
14 176 388
14 182 32
14 185 217
14 187 257
14 201 310
14 205 253
14 212 331
14 217 420
14 246 336
14 248 370
14 271 224
14 294 381
14 306 404
14 308 337
14 322 44
14 324 363
15 53 224
15 54 303
15 58 202
15 85 270
15 110 426
15 118 638
15 139 406
15 144 486
15 149 550
15 150 197
15 163 677
15 172 318
15 178 89
15 192 575
15 201 787
15 202 390
15 212 179
15 216 676
15 222 348
15 224 511
15 231 104
15 248 877
15 253 523
15 255 354
15 267 594
15 284 575
15 285 471
15 286 712
15 320 645
16 25 199
16 28 125
16 30 446
16 36 95
16 45 332
16 70 105
16 99 72
16 111 392
16 113 125
16 120 181
16 121 318
16 125 637
16 127 75
16 131 113
16 134 129
16 141 232
16 146 391
16 150 106
16 151 25
16 171 804
16 172 226
16 175 130
16 178 128
16 180 136
16 192 417
16 197 431
16 198 312
16 213 108
16 215 573
16 222 165
16 223 381
16 237 296
16 238 306
16 243 284
16 267 396
16 273 123
16 283 187
16 309 269
16 314 211
16 325 177
17 19 533
17 28 360
17 36 299
17 40 703
17 54 345
17 63 592
17 66 396
17 85 312
17 92 735
17 95 545
17 109 856
17 128 586
17 133 179
17 142 32
17 146 626
17 150 196
17 155 641
17 191 547
17 192 614
17 204 364
17 216 713
17 217 269
17 222 351
17 223 562
17 226 183
17 231 124
17 232 480
17 240 417
17 247 418
17 262 204
17 268 288
17 280 174
17 286 751
17 315 419
17 319 370
18 21 542
18 22 403
18 32 315
18 59 45
18 78 478
18 89 439
18 94 261
18 100 588
18 105 513
18 115 375
18 123 292
18 124 71
18 129 59
18 138 354
18 155 583
18 169 592
18 177 396
18 208 440
18 211 190
18 212 165
18 226 128
18 237 506
18 249 153
18 252 425
18 269 28
18 278 223
18 281 811
18 283 259
18 291 590
18 295 601
18 302 216
18 313 419
19 29 353
19 32 323
19 39 316
19 52 471
19 61 228
19 62 196
19 63 213
19 65 371
19 66 210
19 73 51
19 85 235
19 87 433
19 104 430
19 111 263
19 129 462
19 136 126
19 157 347
19 172 203
19 233 261
19 235 161
19 283 231
19 299 379
19 304 418
19 313 134
19 323 271
19 325 161
20 34 441
20 42 269
20 51 588
20 59 513
20 89 118
20 98 241
20 100 113
20 116 278
20 117 122
20 120 477
20 127 303
20 135 126
20 159 347
20 177 301
20 179 345
20 184 397
20 186 387
20 189 339
20 201 343
20 210 220
20 211 293
20 218 296
20 220 176
20 256 45
20 263 389
20 264 107
20 271 218
20 273 271
20 275 358
20 307 96
20 308 313
20 309 82
20 321 259
20 324 342
21 28 340
21 38 424
21 56 390
21 73 72
21 79 316
21 84 323
21 89 201
21 96 378
21 102 535
21 105 135
21 113 533
21 117 136
21 119 340
21 122 197
21 130 443
21 131 380
21 144 288
21 148 46
21 152 424
21 161 255
21 162 587
21 168 337
21 170 257
21 188 412
21 191 63
21 202 184
21 211 353
21 226 417
21 237 425
21 245 479
21 248 319
21 264 178
21 274 459
21 287 163
21 299 444
21 303 221
21 309 143
21 311 24
21 315 484
21 325 234
22 28 220
22 33 264
22 40 267
22 51 648
22 53 196
22 59 437
22 80 374
22 81 322
22 97 155
22 102 400
22 104 485
22 107 277
22 111 310
22 123 115
22 127 257
22 134 322
22 149 284
22 153 354
22 167 358
22 173 197
22 182 106
22 200 413
22 209 224
22 211 213
22 213 341
22 221 84
22 233 330
22 245 337
22 246 321
22 256 85
22 276 311
22 280 317
22 290 346
22 292 80
22 299 303
22 315 381
23 38 228
23 49 326
23 53 286
23 57 276
23 61 155
23 63 293
23 66 171
23 102 166
23 104 802
23 121 288
23 124 311
23 127 122
23 130 257
23 137 56
23 145 348
23 149 247
23 150 184
23 166 333
23 167 49
23 180 83
23 189 231
23 196 227
23 200 695
23 202 302
23 205 174
23 214 74
23 224 355
23 228 230
23 235 235
23 264 318
23 278 170
23 291 486
23 300 445
23 310 368
23 313 246
24 45 541
24 47 262
24 61 379
24 76 256
24 80 217
24 81 229
24 103 571
24 116 247
24 133 161
24 134 342
24 135 530
24 138 386
24 146 620
24 187 278
24 191 524
24 206 498
24 220 688
24 244 327
24 247 391
24 251 162
24 253 543
24 257 259
24 262 225
24 263 878
24 289 560
24 291 622
24 298 416
24 309 434
24 310 556
24 314 387
24 319 341
24 323 266
25 27 265
25 31 161
25 35 73
25 39 202
25 44 326
25 59 420
25 64 108
25 84 274
25 95 142
25 101 300
25 104 612
25 110 45
25 116 262
25 120 377
25 138 215
25 141 193
25 146 194
25 147 290
25 153 211
25 162 427
25 171 672
25 174 301
25 185 189
25 191 213
25 194 134
25 201 529
25 205 30
25 206 88
25 214 222
25 215 400
25 223 265
25 226 284
25 230 263
25 243 191
25 255 186
25 262 289
25 270 135
25 275 171
25 278 194
25 287 436
25 291 296
25 296 872
25 302 193
25 305 94
25 312 245
26 37 258
26 40 591
26 49 516
26 51 1026
26 54 296
26 65 109
26 68 247
26 76 222
26 79 247
26 89 362
26 91 774
26 94 94
26 105 448
26 107 127
26 116 254
26 123 298
26 124 124
26 138 357
26 145 397
26 152 110
26 165 462
26 175 174
26 181 406
26 192 528
26 193 585
26 196 47
26 215 684
26 239 133
26 245 87
26 260 637
26 262 43
26 273 212
26 278 112
26 281 782
26 310 465
26 326 322
27 31 180
27 32 205
27 37 125
27 39 74
27 44 476
27 48 193
27 50 377
27 55 155
27 66 230
27 70 97
27 73 343
27 87 209
27 98 106
27 141 330
27 142 191
27 183 90
27 185 444
27 189 51
27 204 191
27 211 72
27 215 594
27 216 527
27 250 165
27 253 392
27 258 455
27 270 293
27 277 66
27 281 683
27 287 553
27 303 462
28 39 136
28 50 189
28 59 349
28 74 102
28 93 396
28 103 221
28 119 38
28 127 59
28 131 41
28 135 201
28 137 155
28 168 75
28 191 278
28 202 169
28 218 194
28 236 240
28 245 230
28 253 187
28 265 155
28 274 211
28 276 457
28 280 186
28 297 97
28 314 167
28 320 406
29 38 82
29 39 74
29 44 494
29 55 205
29 73 368
29 93 495
29 101 494
29 127 63
29 137 197
29 143 51
29 152 12
29 162 245
29 164 135
29 171 832
29 178 146
29 179 152
29 182 384
29 185 390
29 189 88
29 209 83
29 211 183
29 219 80
29 238 328
29 242 641
29 253 295
29 260 557
29 273 114
29 276 569
29 290 52
29 293 134
29 301 267
29 313 242
30 40 156
30 41 473
30 42 378
30 50 485
30 51 471
30 53 376
30 54 297
30 57 343
30 64 337
30 74 399
30 83 367
30 84 361
30 86 266
30 96 391
30 104 312
30 105 153
30 130 482
30 137 486
30 141 490
30 150 549
30 151 441
30 153 509
30 161 217
30 181 252
30 186 504
30 195 414
30 197 149
30 209 401
30 210 286
30 220 107
30 230 525
30 232 384
30 233 149
30 238 143
30 250 605
30 253 371
30 264 216
30 272 266
30 282 138
30 288 531
30 292 256
30 293 428
30 308 428
30 309 181
30 317 295
31 38 128
31 52 160
31 55 209
31 92 564
31 94 74
31 121 278
31 141 151
31 145 289
31 157 192
31 171 812
31 174 192
31 175 51
31 176 28
31 178 199
31 188 38
31 200 663
31 202 233
31 204 125
31 205 159
31 210 315
31 217 62
31 221 201
31 241 417
31 243 205
31 251 152
31 254 700
31 255 252
31 266 334
31 284 290
31 287 572
31 290 74
31 307 257
31 309 283
31 315 148
32 38 155
32 56 59
32 67 188
32 71 291
32 77 253
32 93 464
32 96 260
32 101 446
32 102 149
32 107 185
32 109 694
32 123 255
32 159 216
32 160 323
32 168 113
32 169 436
32 171 808
32 229 425
32 237 192
32 240 91
32 244 174
32 252 113
32 257 227
32 263 706
32 272 195
32 282 382
32 283 257
32 284 263
32 292 209
32 304 102
32 306 213
32 307 247
32 308 110
32 315 125
32 319 282
32 324 138
32 325 202
33 37 335
33 65 377
33 74 273
33 77 206
33 79 351
33 87 330
33 88 274
33 89 137
33 96 76
33 101 284
33 102 362
33 116 378
33 119 210
33 138 317
33 153 259
33 159 384
33 163 302
33 165 289
33 184 402
33 198 100
33 249 383
33 255 291
33 257 340
33 259 65
33 265 328
33 271 306
33 285 286
33 292 238
33 298 332
33 305 33
33 315 212
34 45 417
34 100 550
34 105 429
34 108 472
34 114 121
34 118 491
34 126 309
34 134 96
34 139 273
34 142 299
34 149 360
34 156 284
34 162 275
34 174 214
34 176 85
34 185 446
34 203 185
34 218 316
34 219 165
34 221 311
34 225 434
34 233 697
34 240 200
34 241 525
34 246 344
34 252 183
34 257 293
34 262 68
34 264 357
34 282 504
34 286 648
34 299 240
34 314 336
34 326 304
35 39 204
35 41 150
35 42 209
35 61 63
35 62 134
35 64 137
35 65 271
35 78 307
35 79 272
35 90 478
35 103 153
35 117 321
35 118 273
35 121 166
35 136 220
35 138 278
35 142 440
35 175 116
35 188 99
35 212 265
35 220 384
35 224 233
35 232 62
35 236 204
35 247 269
35 253 119
35 265 216
35 272 109
35 300 322
35 304 201
35 323 175
36 42 167
36 43 54
36 44 495
36 49 377
36 64 146
36 69 46
36 96 292
36 129 238
36 164 193
36 170 181
36 172 298
36 177 116
36 194 294
36 210 329
36 212 199
36 224 340
36 230 102
36 238 328
36 261 55
36 270 120
36 287 598
36 294 99
36 297 195
36 303 384
36 308 104
36 322 343
36 324 124
37 57 400
37 63 362
37 70 217
37 73 225
37 102 298
37 103 406
37 123 46
37 127 198
37 132 111
37 155 336
37 165 237
37 169 346
37 170 147
37 176 240
37 179 117
37 189 141
37 208 209
37 244 87
37 249 227
37 265 195
37 266 316
37 267 358
37 286 450
37 287 430
37 289 333
37 310 290
38 41 126
38 67 118
38 78 362
38 85 164
38 91 682
38 119 134
38 136 231
38 153 185
38 155 467
38 157 70
38 159 68
38 166 142
38 173 186
38 177 233
38 188 165
38 198 359
38 199 81
38 200 692
38 203 202
38 206 314
38 212 72
38 227 74
38 232 295
38 242 632
38 247 254
38 250 191
38 253 354
38 261 146
38 262 128
38 273 168
38 292 206
38 297 217
38 301 216
38 303 443
38 309 281
38 320 505
39 45 326
39 53 89
39 56 74
39 59 218
39 63 362
39 65 69
39 66 165
39 68 134
39 69 121
39 73 322
39 75 116
39 81 83
39 82 228
39 88 261
39 95 324
39 133 79
39 137 256
39 144 281
39 155 435
39 163 488
39 175 158
39 193 457
39 215 561
39 219 47
39 231 109
39 245 100
39 246 352
39 253 322
39 271 515
39 283 157
39 290 124
39 299 105
39 325 158
39 326 210
40 61 348
40 68 345
40 76 434
40 77 237
40 92 230
40 104 366
40 107 518
40 108 282
40 123 380
40 128 136
40 140 453
40 141 449
40 161 183
40 163 45
40 169 129
40 174 564
40 179 519
40 180 410
40 186 515
40 196 565
40 199 449
40 239 466
40 253 298
40 267 100
40 271 42
40 272 246
40 274 552
40 289 195
40 291 133
40 317 395
40 319 376
41 51 942
41 57 332
41 59 279
41 60 209
41 78 387
41 99 153
41 104 785
41 116 255
41 119 100
41 124 209
41 126 224
41 128 398
41 131 72
41 152 41
41 161 654
41 178 187
41 191 377
41 202 260
41 206 276
41 210 340
41 253 263
41 260 566
41 263 742
41 264 272
41 269 294
41 272 239
41 292 231
41 293 175
41 294 85
41 295 471
41 296 1050
41 307 286
41 314 251
41 320 509
41 325 221
42 48 132
42 55 87
42 59 249
42 76 46
42 82 185
42 98 31
42 116 100
42 143 76
42 150 188
42 157 88
42 159 87
42 169 385
42 173 146
42 176 161
42 193 407
42 195 124
42 204 112
42 205 208
42 222 235
42 229 351
42 232 269
42 236 326
42 245 140
42 282 375
42 283 102
42 298 206
42 300 379
42 317 132
42 322 245
42 324 81
43 63 360
43 64 146
43 79 216
43 93 507
43 94 45
43 95 301
43 99 127
43 101 504
43 104 792
43 115 139
43 126 229
43 129 185
43 131 100
43 135 328
43 136 262
43 145 322
43 155 489
43 161 670
43 170 191
43 184 137
43 206 296
43 215 600
43 238 339
43 240 171
43 248 741
43 263 753
43 292 231
43 294 49
43 316 157
43 319 279
44 49 392
44 56 449
44 61 369
44 64 361
44 68 344
44 70 557
44 102 595
44 120 606
44 130 505
44 151 465
44 155 21
44 158 462
44 161 198
44 163 124
44 185 247
44 224 164
44 230 550
44 236 236
44 248 259
44 256 120
44 264 240
44 267 206
44 279 417
44 293 451
44 300 106
44 316 355
44 320 37
44 323 410
45 78 150
45 87 413
45 90 277
45 97 199
45 98 270
45 102 439
45 103 248
45 119 245
45 126 154
45 129 483
45 143 311
45 147 418
45 153 359
45 177 251
45 182 105
45 186 367
45 191 111
45 195 279
45 201 395
45 213 363
45 215 252
45 223 169
45 229 179
45 246 209
45 249 424
45 259 99
45 269 538
45 271 191
45 290 380
45 295 149
45 299 408
45 301 277
45 307 53
45 324 351
45 326 118
46 49 314
46 50 142
46 60 133
46 70 228
46 77 249
46 91 633
46 100 421
46 124 278
46 125 589
46 128 353
46 142 380
46 166 274
46 169 427
46 187 304
46 208 247
46 212 233
46 228 189
46 242 600
46 243 147
46 281 639
46 282 366
46 291 428
46 296 1004
46 301 307
46 303 327
46 309 287
46 316 162
47 51 823
47 56 133
47 65 121
47 72 345
47 85 64
47 101 415
47 111 389
47 113 224
47 125 567
47 131 175
47 133 103
47 136 128
47 144 275
47 163 432
47 169 367
47 171 703
47 187 97
47 195 147
47 196 170
47 198 354
47 208 210
47 216 432
47 218 341
47 232 282
47 236 322
47 238 230
47 269 258
47 276 483
47 282 364
47 286 470
47 294 134
47 296 928
47 302 106
47 307 232
48 58 212
48 60 296
48 61 200
48 75 120
48 77 131
48 92 361
48 102 350
48 115 295
48 124 266
48 131 243
48 136 57
48 145 130
48 156 362
48 159 189
48 163 355
48 183 167
48 186 299
48 187 86
48 188 271
48 189 202
48 193 292
48 201 460
48 205 232
48 221 76
48 227 201
48 239 251
48 242 430
48 260 326
48 262 333
48 267 304
48 269 344
48 275 345
48 297 148
48 298 75
48 300 289
48 303 331
48 314 70
48 318 335
48 319 27
49 66 282
49 89 248
49 103 124
49 111 59
49 121 175
49 155 393
49 173 294
49 190 371
49 207 429
49 219 484
49 224 273
49 226 532
49 227 405
49 229 397
49 248 489
49 256 363
49 258 396
49 274 520
49 295 336
49 306 536
49 316 377
49 317 471
49 324 462
50 53 366
50 61 194
50 77 327
50 81 271
50 95 140
50 97 252
50 109 737
50 111 231
50 118 329
50 119 223
50 138 413
50 164 384
50 169 472
50 183 294
50 184 380
50 199 341
50 202 332
50 212 374
50 217 219
50 237 52
50 261 220
50 296 1028
50 301 432
50 304 227
50 313 252
50 314 337
50 320 503
50 321 633
50 322 388
51 54 750
51 61 811
51 70 1000
51 72 571
51 73 576
51 75 789
51 76 821
51 98 815
51 99 882
51 106 902
51 109 243
51 119 844
51 125 335
51 147 984
51 172 733
51 180 881
51 189 917
51 191 567
51 194 704
51 195 884
51 196 990
51 200 260
51 213 972
51 218 806
51 223 538
51 224 600
51 227 892
51 245 982
51 275 919
51 287 362
51 291 472
51 300 507
51 322 604
52 56 167
52 59 190
52 82 380
52 91 802
52 98 254
52 110 354
52 121 437
52 122 362
52 123 335
52 131 204
52 132 407
52 138 393
52 143 162
52 144 379
52 146 496
52 148 593
52 151 153
52 165 493
52 169 588
52 170 299
52 180 216
52 181 422
52 182 501
52 186 106
52 190 231
52 195 185
52 196 88
52 198 374
52 205 319
52 215 709
52 254 849
52 256 493
52 268 148
52 271 653
52 278 140
52 300 568
52 309 412
52 310 489
52 316 257
52 318 191
53 58 112
53 66 188
53 67 35
53 69 208
53 75 110
53 78 274
53 89 239
53 103 397
53 111 416
53 121 316
53 132 161
53 138 156
53 139 212
53 151 100
53 173 182
53 193 403
53 196 164
53 199 29
53 209 84
53 238 251
53 240 256
53 241 409
53 250 235
53 251 182
53 265 147
53 277 143
53 282 387
53 290 212
53 300 387
53 309 196
53 313 221
53 316 91
54 59 323
54 67 79
54 72 317
54 85 33
54 91 517
54 93 324
54 97 148
54 98 85
54 99 141
54 118 387
54 125 514
54 126 123
54 141 370
54 144 294
54 148 304
54 150 300
54 152 232
54 167 361
54 174 212
54 218 372
54 225 237
54 228 194
54 232 322
54 235 246
54 246 386
54 250 310
54 268 244
54 276 432
54 280 229
54 283 27
54 314 95
54 320 345
54 322 174
55 63 317
55 66 160
55 69 250
55 74 127
55 85 50
55 86 38
55 95 320
55 100 303
55 105 234
55 118 363
55 141 330
55 147 224
55 159 153
55 163 377
55 174 203
55 187 87
55 188 229
55 190 104
55 210 327
55 215 441
55 221 62
55 224 215
55 239 206
55 240 244
55 264 88
55 285 171
55 291 305
55 313 165
55 317 63
55 326 152
56 68 107
56 69 81
56 99 111
56 118 391
56 133 152
56 138 254
56 141 184
56 144 225
56 145 266
56 160 278
56 171 789
56 175 88
56 179 160
56 186 83
56 187 229
56 190 75
56 193 453
56 196 130
56 204 104
56 212 147
56 214 111
56 215 543
56 232 197
56 236 313
56 239 32
56 247 249
56 256 334
56 257 173
56 258 433
56 264 219
56 265 80
56 267 356
56 271 487
56 278 43
56 285 311
56 296 1002
56 307 245
57 78 330
57 83 385
57 89 188
57 106 432
57 107 436
57 128 266
57 155 359
57 163 286
57 165 319
57 168 176
57 171 680
57 228 419
57 233 424
57 253 75
57 261 368
57 262 434
57 280 432
57 288 480
57 293 427
57 307 190
57 312 395
57 313 194
57 316 313
58 60 264
58 62 316
58 78 351
58 82 245
58 98 111
58 104 755
58 109 690
58 111 404
58 122 220
58 125 643
58 126 198
58 145 289
58 151 12
58 180 150
58 190 97
58 192 420
58 195 94
58 196 76
58 224 336
58 225 342
58 232 263
58 244 144
58 245 93
58 247 249
58 249 86
58 266 370
58 282 427
58 284 375
58 289 343
58 299 112
58 301 221
58 304 131
58 305 281
58 324 17
59 70 125
59 78 514
59 79 264
59 81 214
59 84 269
59 96 578
59 98 273
59 100 622
59 108 480
59 111 616
59 118 651
59 136 388
59 140 234
59 157 167
59 160 375
59 180 354
59 187 286
59 193 644
59 196 151
59 197 635
59 209 248
59 221 368
59 234 127
59 245 120
59 263 884
59 268 280
59 284 582
59 290 249
59 294 204
59 315 417
59 323 260
60 76 295
60 101 328
60 112 264
60 119 166
60 133 341
60 137 133
60 138 308
60 142 502
60 164 362
60 165 304
60 171 725
60 201 585
60 203 98
60 220 357
60 222 185
60 223 339
60 225 227
60 235 98
60 239 202
60 247 297
60 271 355
60 282 263
60 296 911
60 297 148
60 301 340
60 305 26
60 308 245
60 310 227
60 315 162
60 316 211
60 317 330
60 322 268
60 324 280
61 64 76
61 71 207
61 81 179
61 83 169
61 95 173
61 105 212
61 107 210
61 156 383
61 169 340
61 171 714
61 201 571
61 227 118
61 232 121
61 244 116
61 252 144
61 257 199
61 267 256
61 286 431
61 300 309
61 308 138
61 314 149
62 66 145
62 73 245
62 85 321
62 115 200
62 124 439
62 142 554
62 149 58
62 154 153
62 155 299
62 160 335
62 168 124
62 170 173
62 171 641
62 179 379
62 208 144
62 236 78
62 240 154
62 250 534
62 258 301
62 260 396
62 265 337
62 269 533
62 270 182
62 273 190
62 281 453
62 283 324
62 299 408
62 302 299
62 307 107
62 310 149
62 313 108
62 314 214
63 83 354
63 85 366
63 90 380
63 98 332
63 99 377
63 100 256
63 117 325
63 128 205
63 138 320
63 153 334
63 171 625
63 174 460
63 194 27
63 199 359
63 201 491
63 202 236
63 213 351
63 232 150
63 235 109
63 238 206
63 251 452
63 257 371
63 260 394
63 266 111
63 268 318
63 280 419
63 304 384
63 309 258
63 312 393
63 315 289
63 322 237
64 70 210
64 80 213
64 84 179
64 87 218
64 96 292
64 97 27
64 100 333
64 105 229
64 108 245
64 112 212
64 125 526
64 126 84
64 137 230
64 149 258
64 165 245
64 169 338
64 173 72
64 184 195
64 190 21
64 195 89
64 199 95
64 205 130
64 219 150
64 230 189
64 235 159
64 239 121
64 245 202
64 253 244
64 259 195
64 262 224
64 272 150
64 304 204
64 306 191
65 67 132
65 74 106
65 76 124
65 80 128
65 85 168
65 91 701
65 112 178
65 130 5
65 150 126
65 159 49
65 166 138
65 167 303
65 170 219
65 176 163
65 183 93
65 185 454
65 187 181
65 188 200
65 190 149
65 191 386
65 194 404
65 200 711
65 206 343
65 209 98
65 217 162
65 246 419
65 249 75
65 251 79
65 258 483
65 259 360
65 260 550
65 261 172
65 265 77
65 286 590
65 299 47
65 301 218
65 308 87
65 316 160
66 73 240
66 78 250
66 84 251
66 87 232
66 107 220
66 113 276
66 114 192
66 119 69
66 123 194
66 134 149
66 135 155
66 138 211
66 144 117
66 156 395
66 171 696
66 190 90
66 215 432
66 230 226
66 231 272
66 245 264
66 247 201
66 251 259
66 263 592
66 275 160
66 277 275
66 278 156
66 303 247
66 307 132
66 318 370
66 326 68
67 71 320
67 74 83
67 76 25
67 78 247
67 90 438
67 92 453
67 112 245
67 114 291
67 153 248
67 154 156
67 157 106
67 164 167
67 170 116
67 188 199
67 190 78
67 197 367
67 214 245
67 240 231
67 245 170
67 263 620
67 292 100
67 307 223
67 309 168
67 317 98
68 78 233
68 97 9
68 100 312
68 104 631
68 107 184
68 118 301
68 123 150
68 141 219
68 148 325
68 151 143
68 157 199
68 175 159
68 177 140
68 180 116
68 197 293
68 210 242
68 231 243
68 239 133
68 252 194
68 254 578
68 261 204
68 277 243
68 281 539
68 302 130
68 308 123
68 311 264
68 316 54
68 326 77
69 74 125
69 81 49
69 86 286
69 87 47
69 92 621
69 95 300
69 106 172
69 141 175
69 149 331
69 163 539
69 169 503
69 171 870
69 180 117
69 184 162
69 204 183
69 213 26
69 218 295
69 231 156
69 246 322
69 248 760
69 252 173
69 255 299
69 260 596
69 263 775
69 272 273
69 276 597
69 280 108
69 307 319
69 318 251
69 324 111
69 326 254
70 90 625
70 92 640
70 99 119
70 101 578
70 106 103
70 111 495
70 127 174
70 133 92
70 135 415
70 138 322
70 140 147
70 142 152
70 156 137
70 161 737
70 163 596
70 179 109
70 184 46
70 185 491
70 198 405
70 199 150
70 206 383
70 231 25
70 242 704
70 248 807
70 276 650
70 290 129
71 89 117
71 91 390
71 108 287
71 110 134
71 121 38
71 134 315
71 139 155
71 157 418
71 158 238
71 169 223
71 171 589
71 175 308
71 179 416
71 181 49
71 190 273
71 201 454
71 207 284
71 225 128
71 230 415
71 234 450
71 240 213
71 257 351
71 259 67
71 273 244
71 292 232
71 296 764
71 321 388
71 322 200
71 325 246
72 80 486
72 81 436
72 82 174
72 94 441
72 100 130
72 101 96
72 102 499
72 116 387
72 117 247
72 119 307
72 129 547
72 132 311
72 137 365
72 175 375
72 179 438
72 190 307
72 209 359
72 213 422
72 257 359
72 260 268
72 274 467
72 291 139
72 304 455
72 315 393
72 319 308
72 322 159
73 95 321
73 101 195
73 105 124
73 108 67
73 109 350
73 116 262
73 121 202
73 122 126
73 128 84
73 148 117
73 152 359
73 164 406
73 168 291
73 169 122
73 185 231
73 188 354
73 193 137
73 200 342
73 220 195
73 227 319
73 234 382
73 244 199
73 252 388
73 273 298
73 288 422
73 295 135
73 302 332
73 308 323
73 310 120
74 76 98
74 85 142
74 91 617
74 93 426
74 95 290
74 105 296
74 108 295
74 112 165
74 129 198
74 145 240
74 152 73
74 154 121
74 157 115
74 183 17
74 191 303
74 196 126
74 197 388
74 212 97
74 219 83
74 222 183
74 223 334
74 245 137
74 249 136
74 252 219
74 253 288
74 254 665
74 255 178
74 267 356
74 271 480
74 273 106
74 281 625
74 295 406
74 303 370
74 324 61
75 87 237
75 90 418
75 97 28
75 112 231
75 113 252
75 117 208
75 131 123
75 159 169
75 162 336
75 167 240
75 168 149
75 172 148
75 173 81
75 176 165
75 181 202
75 195 108
75 197 309
75 199 97
75 206 167
75 213 196
75 215 446
75 220 371
75 235 155
75 237 271
75 245 214
75 246 277
75 250 329
75 268 141
75 281 544
75 290 199
75 295 325
75 303 297
75 325 58
76 79 33
76 80 228
76 85 48
76 113 233
76 114 309
76 121 305
76 132 147
76 137 326
76 147 167
76 148 367
76 152 167
76 162 267
76 169 369
76 172 100
76 178 180
76 180 219
76 191 269
76 204 137
76 231 172
76 240 254
76 242 528
76 243 364
76 265 159
76 266 326
76 284 411
76 291 368
76 312 208
76 313 210
76 318 240
76 319 103
77 80 361
77 81 309
77 82 20
77 86 124
77 91 404
77 92 307
77 96 280
77 110 86
77 111 252
77 121 136
77 128 119
77 133 292
77 135 112
77 148 195
77 157 286
77 161 384
77 163 243
77 167 313
77 177 238
77 188 257
77 190 170
77 201 413
77 207 124
77 212 256
77 226 294
77 249 350
77 252 290
77 269 448
77 282 175
77 293 259
77 297 89
77 306 324
77 319 155
78 93 131
78 105 131
78 150 455
78 152 368
78 161 319
78 163 205
78 201 312
78 207 81
78 213 418
78 221 164
78 239 364
78 254 374
78 271 244
78 272 212
78 275 405
78 279 297
78 289 247
78 291 115
78 294 376
78 300 146
78 312 424
78 317 193
78 323 289
78 324 356
79 81 212
79 98 62
79 102 291
79 110 230
79 115 287
79 117 194
79 127 202
79 151 141
79 154 208
79 155 356
79 161 569
79 164 173
79 167 351
79 181 317
79 198 403
79 200 586
79 218 387
79 232 331
79 258 355
79 259 311
79 269 255
79 270 311
79 274 162
79 276 488
79 280 179
79 284 437
79 287 448
79 293 88
79 302 154
79 310 311
79 320 403
79 322 229
80 86 311
80 88 387
80 111 456
80 134 138
80 135 399
80 148 555
80 169 550
80 176 102
80 178 123
80 190 193
80 237 325
80 244 248
80 253 360
80 260 634
80 274 114
80 277 134
80 285 430
80 293 173
80 302 115
80 316 220
80 319 329
80 323 168
81 82 289
81 86 261
81 88 334
81 90 594
81 97 179
81 102 81
81 106 127
81 136 273
81 158 215
81 161 688
81 165 403
81 185 421
81 190 140
81 193 524
81 210 394
81 218 326
81 222 141
81 227 75
81 237 297
81 243 281
81 265 28
81 274 97
81 286 596
81 306 122
81 317 272
81 318 207
82 107 266
82 141 306
82 145 51
82 146 235
82 150 343
82 154 134
82 179 266
82 194 188
82 205 143
82 214 312
82 215 334
82 217 299
82 225 101
82 230 319
82 268 245
82 274 302
82 281 431
82 304 328
82 308 223
82 317 162
83 86 106
83 88 196
83 117 220
83 125 576
83 139 195
83 147 155
83 148 374
83 179 85
83 203 206
83 209 72
83 217 208
83 219 115
83 220 436
83 232 289
83 234 126
83 239 164
83 265 142
83 274 132
83 281 597
83 300 374
83 301 116
83 315 314
84 88 198
84 101 442
84 104 638
84 106 129
84 129 232
84 143 195
84 144 355
84 155 362
84 159 123
84 160 107
84 173 249
84 188 294
84 192 343
84 195 244
84 197 415
84 198 446
84 200 591
84 201 540
84 211 62
84 214 333
84 225 309
84 232 373
84 238 258
84 245 202
84 251 248
84 252 384
84 264 176
84 273 264
84 276 501
84 282 401
84 287 443
84 288 219
84 290 292
84 294 213
84 296 906
84 298 159
84 315 408
85 92 423
85 107 146
85 116 45
85 121 306
85 123 40
85 130 171
85 148 336
85 152 213
85 153 308
85 157 128
85 163 417
85 166 42
85 167 356
85 170 153
85 174 180
85 189 152
85 198 399
85 200 561
85 202 140
85 211 64
85 214 305
85 216 412
85 220 409
85 221 111
85 238 216
85 239 226
85 252 343
85 260 387
85 277 199
85 282 358
85 301 52
85 322 205
86 93 293
86 98 94
86 100 273
86 101 337
86 102 341
86 105 218
86 115 283
86 121 253
86 133 196
86 137 353
86 156 361
86 157 186
86 161 480
86 183 159
86 196 269
86 200 498
86 203 240
86 207 102
86 222 328
86 250 340
86 251 288
86 253 332
86 263 534
86 264 69
86 273 214
86 279 159
86 294 229
86 299 218
86 305 283
87 97 232
87 108 460
87 122 339
87 124 209
87 126 300
87 151 149
87 161 732
87 162 258
87 182 464
87 191 454
87 194 376
87 197 508
87 219 146
87 238 408
87 250 284
87 251 117
87 266 439
87 267 465
87 282 501
87 297 277
87 322 421
88 91 394
88 99 246
88 101 245
88 105 142
88 107 287
88 108 73
88 114 387
88 116 203
88 136 63
88 138 67
88 167 371
88 168 255
88 190 196
88 193 200
88 197 223
88 231 357
88 237 366
88 247 57
88 252 351
88 277 346
88 279 229
88 283 155
88 292 92
88 294 307
88 301 135
88 309 14
88 311 110
88 312 356
88 313 143
88 315 394
88 318 428
89 103 225
89 109 485
89 112 327
89 122 139
89 123 199
89 124 373
89 125 389
89 135 63
89 152 254
89 157 305
89 164 350
89 165 162
89 189 276
89 193 255
89 198 226
89 219 295
89 221 116
89 245 348
89 256 159
89 269 465
89 271 270
89 281 434
89 282 168
89 285 153
89 291 221
89 295 217
89 306 336
89 323 205
90 92 16
90 115 543
90 123 371
90 131 516
90 140 479
90 176 576
90 182 191
90 190 455
90 200 167
90 219 566
90 236 317
90 240 503
90 262 659
90 266 272
90 273 492
90 274 587
90 294 568
90 306 583
90 311 158
91 93 195
91 98 571
91 99 638
91 103 563
91 136 453
91 138 449
91 143 643
91 150 765
91 154 540
91 158 622
91 169 216
91 179 670
91 184 727
91 212 644
91 233 74
91 277 739
91 287 168
91 294 689
91 296 375
91 303 342
91 314 457
91 323 604
92 130 586
92 162 722
92 171 249
92 175 589
92 183 513
92 204 440
92 216 144
92 217 624
92 228 572
92 237 564
92 238 262
92 239 569
92 247 319
92 249 642
92 266 286
92 268 569
92 269 701
92 278 560
92 291 133
92 298 291
92 299 581
92 300 195
93 140 417
93 168 385
93 186 529
93 192 56
93 193 8
93 197 152
93 209 428
93 215 131
93 216 79
93 228 492
93 232 402
93 238 168
93 239 477
93 245 545
93 248 253
93 255 271
93 268 477
93 273 412
93 274 524
93 280 524
93 285 155
93 290 539
93 322 161
94 98 211
94 99 170
94 110 272
94 111 399
94 118 463
94 123 294
94 140 189
94 148 523
94 149 339
94 154 190
94 159 199
94 166 264
94 188 94
94 190 167
94 203 156
94 207 395
94 214 50
94 216 566
94 230 61
94 244 227
94 255 312
94 258 526
94 264 312
94 279 140
94 307 331
94 313 280
95 104 648
95 141 172
95 153 257
95 156 548
95 173 177
95 183 305
95 185 156
95 198 71
95 200 524
95 202 259
95 203 159
95 204 214
95 218 24
95 231 424
95 241 263
95 247 335
95 269 546
95 270 143
95 279 282
95 291 348
95 295 333
95 307 181
95 311 336
95 312 331
96 99 395
96 101 325
96 120 534
96 121 159
96 129 520
96 130 435
96 138 392
96 141 191
96 144 112
96 157 449
96 168 159
96 172 423
96 173 223
96 216 376
96 219 406
96 229 402
96 240 170
96 244 321
96 247 380
96 253 48
96 256 354
96 260 503
96 277 475
96 280 414
96 283 419
96 284 26
96 299 473
97 99 138
97 104 631
97 115 153
97 116 182
97 124 255
97 141 226
97 147 220
97 149 233
97 154 54
97 159 190
97 177 147
97 178 251
97 197 297
97 217 188
97 219 175
97 221 77
97 223 263
97 238 177
97 245 228
97 250 348
97 252 200
97 257 143
97 258 328
97 291 319
97 303 279
97 313 99
97 323 85
98 104 651
98 117 208
98 123 84
98 133 114
98 134 215
98 142 297
98 153 241
98 171 697
98 178 189
98 179 106
98 188 191
98 213 213
98 215 489
98 219 127
98 220 416
98 222 255
98 223 278
98 248 625
98 249 189
98 254 619
98 257 49
98 265 149
98 289 303
99 101 468
99 103 384
99 114 267
99 115 225
99 120 171
99 121 328
99 131 167
99 132 213
99 136 185
99 155 421
99 163 485
99 169 423
99 181 318
99 184 90
99 190 95
99 192 391
99 236 363
99 240 236
99 254 686
99 262 177
99 270 254
99 286 527
99 287 523
99 300 418
99 303 416
99 310 346
99 317 157
99 326 218
100 102 565
100 108 171
100 112 535
100 120 587
100 127 413
100 146 263
100 153 498
100 166 379
100 174 504
100 184 508
100 187 355
100 197 118
100 211 399
100 226 462
100 234 496
100 238 138
100 291 9
100 303 193
100 309 186
100 326 248
101 106 495
101 112 555
101 117 271
101 139 295
101 143 458
101 145 213
101 149 272
101 157 511
101 163 19
101 168 349
101 183 443
101 200 216
101 223 187
101 228 510
101 229 159
101 230 554
101 232 350
101 240 382
101 244 352
101 247 302
101 259 235
101 274 546
101 276 78
101 281 214
101 294 506
101 317 377
101 323 425
102 103 369
102 126 319
102 143 151
102 156 238
102 165 479
102 174 180
102 176 106
102 201 791
102 216 622
102 219 140
102 221 316
102 222 137
102 226 223
102 234 195
102 237 313
102 247 385
102 260 659
102 305 330
102 308 153
102 314 341
102 316 246
102 318 227
102 324 144
103 127 264
103 138 400
103 139 198
103 181 169
103 208 273
103 222 234
103 223 411
103 232 92
103 233 512
103 243 90
103 244 320
103 250 574
103 251 417
103 268 279
103 271 372
103 278 328
103 304 318
103 306 445
103 323 327
104 108 427
104 119 686
104 124 822
104 127 733
104 128 391
104 129 862
104 132 525
104 140 690
104 149 611
104 152 770
104 156 914
104 173 656
104 180 728
104 190 666
104 191 408
104 204 634
104 215 247
104 216 289
104 225 442
104 237 736
104 249 838
104 261 834
104 262 870
104 272 571
104 273 699
104 303 477
104 313 558
105 109 406
105 110 120
105 119 254
105 120 502
105 121 85
105 137 337
105 143 318
105 155 167
105 158 290
105 170 177
105 172 259
105 176 346
105 178 451
105 187 309
105 197 95
105 204 204
105 242 309
105 251 438
105 254 383
105 259 118
105 264 150
105 267 83
105 280 398
105 301 269
105 303 113
106 115 250
106 124 91
106 127 157
106 143 95
106 146 442
106 147 88
106 159 24
106 163 512
106 174 62
106 177 265
106 182 361
106 199 55
106 215 580
106 219 60
106 225 351
106 234 56
106 243 367
106 245 81
106 255 198
106 258 442
106 262 177
106 263 710
106 271 542
106 273 195
106 277 79
106 292 190
106 297 218
106 317 168
106 320 485
106 321 550
107 124 78
107 125 664
107 130 25
107 148 465
107 149 400
107 151 57
107 152 119
107 168 267
107 179 38
107 189 30
107 191 365
107 202 243
107 206 326
107 209 83
107 215 597
107 218 385
107 225 366
107 226 48
107 251 98
107 255 218
107 272 300
107 273 194
107 283 156
107 296 1026
107 309 277
107 313 275
107 318 153
107 323 94
108 124 395
108 133 329
108 159 318
108 164 387
108 172 142
108 187 197
108 203 338
108 204 244
108 205 291
108 234 359
108 240 356
108 249 417
108 254 414
108 263 406
108 267 266
108 279 290
108 296 696
108 299 349
108 310 186
108 312 417
108 321 239
108 323 278
108 326 215
109 114 770
109 123 510
109 131 667
109 150 794
109 157 674
109 161 213
109 165 341
109 170 543
109 186 756
109 187 547
109 189 685
109 194 529
109 201 30
109 207 390
109 209 643
109 210 521
109 217 758
109 227 668
109 239 703
109 255 472
109 259 522
109 265 727
109 266 416
109 267 421
109 272 521
109 276 254
109 278 692
109 283 538
109 290 764
109 297 530
109 299 704
109 301 500
110 126 80
110 128 177
110 133 286
110 138 187
110 141 236
110 166 249
110 174 318
110 179 282
110 193 284
110 216 295
110 220 283
110 225 127
110 241 220
110 244 129
110 263 520
110 281 465
110 285 174
110 318 425
110 319 208
110 324 247
110 325 120
111 121 117
111 132 419
111 146 34
111 171 654
111 184 494
111 186 384
111 195 317
111 200 451
111 240 222
111 244 326
111 264 303
111 272 163
111 276 312
111 313 201
111 316 326
112 114 124
112 119 169
112 122 333
112 128 468
112 139 260
112 144 307
112 148 549
112 152 92
112 155 552
112 157 223
112 161 723
112 174 199
112 199 218
112 206 344
112 208 359
112 219 148
112 233 683
112 241 513
112 252 182
112 258 552
112 271 592
112 272 305
112 280 132
112 283 313
112 297 269
112 303 458
112 304 9
112 309 377
112 313 304
112 323 182
112 324 145
112 325 287
113 128 503
113 135 430
113 143 145
113 166 254
113 180 220
113 186 115
113 188 190
113 200 797
113 228 114
113 229 545
113 231 88
113 236 471
113 241 565
113 243 346
113 255 340
113 267 515
113 275 272
113 293 170
113 295 576
113 310 478
113 319 336
114 134 71
114 147 260
114 148 519
114 153 62
114 167 51
114 170 244
114 203 124
114 212 302
114 216 541
114 218 207
114 220 526
114 225 381
114 241 453
114 244 274
114 247 383
114 250 408
114 270 85
114 283 359
114 286 587
114 315 35
114 322 398
115 118 338
115 143 156
115 160 357
115 177 33
115 186 124
115 205 118
115 213 111
115 215 528
115 219 216
115 225 305
115 240 46
115 257 274
115 278 155
115 287 571
115 295 424
115 297 172
115 306 273
115 307 236
116 152 217
116 153 316
116 155 371
116 160 122
116 162 263
116 166 12
116 174 153
116 177 316
116 201 555
116 227 179
116 229 335
116 230 242
116 236 376
116 250 238
116 260 422
116 262 281
116 270 336
116 303 426
116 309 197
116 316 138
117 122 104
117 127 320
117 135 235
117 166 207
117 178 387
117 179 293
117 182 129
117 183 272
117 191 114
117 206 225
117 211 232
117 224 168
117 227 302
117 237 430
117 247 69
117 248 450
117 266 234
117 300 224
117 321 261
117 322 91
117 324 319
118 125 267
118 126 276
118 133 497
118 137 355
118 139 236
118 140 425
118 144 176
118 161 286
118 166 448
118 170 283
118 171 547
118 176 416
118 185 47
118 186 448
118 189 463
118 202 272
118 214 440
118 217 450
118 224 164
118 238 213
118 251 532
118 256 244
118 261 462
118 270 319
118 273 326
118 274 513
118 275 343
118 285 264
118 286 234
118 301 405
119 135 221
119 136 168
119 147 184
119 186 130
119 193 402
119 201 598
119 202 161
119 227 63
119 236 263
119 245 196
119 256 286
119 267 306
119 276 470
119 306 192
119 310 271
119 316 72
119 322 245
119 325 126
120 124 55
120 126 348
120 130 109
120 131 290
120 136 352
120 153 280
120 155 586
120 160 348
120 161 792
120 162 51
120 175 288
120 183 202
120 190 258
120 192 558
120 223 507
120 225 494
120 242 750
120 247 364
120 252 384
120 262 168
120 275 378
120 289 510
120 304 226
120 322 452
121 143 297
121 148 239
121 152 311
121 155 251
121 193 257
121 204 187
121 205 121
121 214 333
121 222 307
121 229 243
121 245 417
121 256 196
121 260 348
121 270 221
121 273 212
121 277 427
121 283 307
121 306 407
121 316 230
122 123 67
122 127 217
122 139 156
122 151 211
122 171 584
122 175 281
122 182 159
122 197 269
122 219 241
122 242 405
122 244 79
122 249 302
122 257 123
122 259 216
122 261 315
122 268 245
122 269 377
122 274 262
122 279 169
122 280 265
122 289 250
122 300 249
122 308 202
122 310 188
122 319 72
122 321 353
123 148 297
123 159 165
123 202 107
123 204 151
123 211 103
123 212 138
123 214 318
123 220 371
123 241 342
123 244 86
123 249 268
123 265 231
123 269 319
123 305 302
123 307 209
123 310 254
123 323 141
123 324 193
124 125 738
124 137 363
124 142 117
124 147 64
124 152 174
124 154 288
124 157 78
124 173 281
124 176 214
124 186 204
124 196 88
124 219 91
124 233 676
124 236 480
124 241 555
124 249 95
124 252 357
124 256 432
124 263 797
124 269 94
124 279 175
124 305 408
124 317 246
124 319 264
124 320 575
124 325 263
125 134 635
125 138 448
125 157 662
125 166 587
125 171 309
125 173 512
125 176 645
125 195 589
125 207 401
125 224 307
125 229 262
125 246 456
125 247 440
125 249 729
125 258 230
125 282 224
125 283 540
125 297 453
125 312 698
125 317 515
125 323 582
126 135 150
126 149 237
126 161 450
126 179 222
126 182 167
126 184 267
126 189 205
126 192 224
126 225 147
126 246 265
126 248 520
126 265 233
126 274 255
126 278 195
126 280 249
126 286 355
126 290 263
126 291 254
126 307 104
126 317 140
126 319 129
126 323 136
127 128 346
127 141 164
127 144 207
127 146 325
127 148 427
127 150 142
127 160 288
127 162 303
127 166 212
127 168 126
127 181 245
127 189 122
127 191 325
127 203 81
127 204 99
127 205 144
127 209 83
127 213 85
127 216 469
127 224 293
127 239 32
127 252 148
127 254 677
127 255 227
127 257 189
127 263 690
127 266 313
127 267 343
127 286 514
127 289 270
127 307 235
127 314 200
127 322 292
127 323 87
128 151 377
128 153 430
128 160 242
128 164 458
128 167 401
128 181 169
128 185 161
128 207 163
128 231 469
128 248 335
128 255 201
128 266 95
128 275 385
128 280 434
128 294 405
128 295 74
128 301 264
128 306 440
128 309 134
128 316 266
128 326 180
129 166 208
129 168 363
129 171 902
129 175 275
129 177 347
129 186 212
129 190 242
129 199 184
129 226 116
129 228 120
129 236 513
129 245 61
129 248 845
129 250 77
129 258 570
129 264 355
129 274 81
129 278 175
129 283 254
129 292 319
129 303 566
129 307 431
129 311 506
129 324 139
130 144 349
130 148 489
130 160 265
130 174 33
130 181 373
130 186 156
130 187 185
130 193 509
130 198 393
130 199 96
130 201 686
130 206 343
130 207 323
130 213 172
130 216 552
130 240 268
130 246 418
130 247 268
130 249 71
130 250 158
130 253 388
130 255 242
130 263 753
130 264 267
130 273 202
130 296 1051
130 311 420
130 319 229
130 322 349
130 324 50
131 136 219
131 138 271
131 149 231
131 160 304
131 173 68
131 174 227
131 182 326
131 191 318
131 196 185
131 207 314
131 227 89
131 228 164
131 230 154
131 240 75
131 243 175
131 259 199
131 261 117
131 268 58
131 279 102
131 282 354
131 302 111
131 303 323
131 311 360
132 141 430
132 145 154
132 147 312
132 154 255
132 163 360
132 187 96
132 188 334
132 191 186
132 209 227
132 212 202
132 226 226
132 227 260
132 232 368
132 252 405
132 261 378
132 266 292
132 272 268
132 274 286
132 275 408
132 291 269
132 296 793
132 303 362
132 307 231
132 312 350
132 319 45
132 322 154
132 326 221
133 159 14
133 160 232
133 162 168
133 169 469
133 190 149
133 207 295
133 208 310
133 233 608
133 242 628
133 258 462
133 311 398
133 315 329
133 318 143
134 136 281
134 138 331
134 151 152
134 154 140
134 178 236
134 223 426
134 229 461
134 237 187
134 239 63
134 254 721
134 273 88
134 276 554
134 289 287
134 301 327
134 303 373
134 310 357
134 312 106
134 326 217
135 162 533
135 172 277
135 180 233
135 189 337
135 190 227
135 193 236
135 198 219
135 209 279
135 239 290
135 255 215
135 272 69
135 291 201
135 303 99
135 305 129
135 310 78
135 314 171
135 316 218
135 323 266
135 326 100
136 139 146
136 162 397
136 193 260
136 194 249
136 195 208
136 217 295
136 227 199
136 229 205
136 232 265
136 234 262
136 264 20
136 270 277
136 302 211
136 305 244
136 310 179
136 314 17
136 317 98
136 323 158
136 325 44
137 156 442
137 158 48
137 164 332
137 167 8
137 169 476
137 171 854
137 173 170
137 178 340
137 180 108
137 193 511
137 194 238
137 200 676
137 204 214
137 207 423
137 232 112
137 237 97
137 243 71
137 245 322
137 267 347
137 276 538
137 279 230
137 282 396
137 287 622
137 291 477
137 302 231
137 307 285
137 314 315
138 140 177
138 155 230
138 156 401
138 164 297
138 172 59
138 181 257
138 194 303
138 202 88
138 206 213
138 216 315
138 237 395
138 248 508
138 249 328
138 261 355
138 264 70
138 272 220
138 280 291
138 288 317
138 293 209
138 296 786
138 300 261
138 309 67
138 310 211
138 313 180
138 315 403
138 318 374
139 151 207
139 174 298
139 183 176
139 194 137
139 221 118
139 226 280
139 231 308
139 240 106
139 242 461
139 253 151
139 254 539
139 255 177
139 260 398
139 265 234
139 267 200
139 269 423
139 272 50
139 278 194
139 286 377
140 156 245
140 170 142
140 174 113
140 178 148
140 188 187
140 201 595
140 214 223
140 225 300
140 234 107
140 243 342
140 249 152
140 257 59
140 261 203
140 264 175
140 267 378
140 278 101
140 290 182
140 291 395
140 295 404
140 298 211
140 302 84
140 310 322
140 314 155
140 322 257
141 147 303
141 151 255
141 152 193
141 171 857
141 172 396
141 184 329
141 185 319
141 190 231
141 195 163
141 199 300
141 215 566
141 217 165
141 221 299
141 228 281
141 240 96
141 266 338
141 275 23
141 287 625
141 295 472
141 298 419
141 314 318
141 326 240
142 154 402
142 155 640
142 157 189
142 170 395
142 178 124
142 182 563
142 214 332
142 220 711
142 222 376
142 232 498
142 256 542
142 266 596
142 272 493
142 286 752
142 288 144
142 293 216
142 305 519
142 314 410
143 164 129
143 166 161
143 167 215
143 180 123
143 183 36
143 188 109
143 194 310
143 203 140
143 207 290
143 212 108
143 213 112
143 225 316
143 228 67
143 243 273
143 249 114
143 279 34
143 288 129
143 293 97
143 294 48
143 301 217
143 304 131
143 314 192
144 146 118
144 148 312
144 169 294
144 171 670
144 188 196
144 191 234
144 193 331
144 218 88
144 223 292
144 234 381
144 237 138
144 238 195
144 259 39
144 265 305
144 270 145
144 272 61
144 289 68
144 293 325
144 294 296
144 304 299
144 306 373
144 316 210
144 318 485
145 149 252
145 156 478
145 158 304
145 166 232
145 173 193
145 187 216
145 199 232
145 202 62
145 210 230
145 216 227
145 232 263
145 233 306
145 234 340
145 244 147
145 249 374
145 258 167
145 262 401
145 270 296
145 272 144
145 285 55
145 296 737
145 297 122
145 298 108
145 300 162
145 322 29
146 152 376
146 209 367
146 225 186
146 235 142
146 243 231
146 253 124
146 281 417
146 314 286
146 319 381
146 325 301
147 148 525
147 157 93
147 163 580
147 166 183
147 173 236
147 177 270
147 179 96
147 184 36
147 200 749
147 214 184
147 229 490
147 272 338
147 275 291
147 276 634
147 290 127
147 299 80
147 319 270
147 324 68
148 149 335
148 161 210
148 170 298
148 176 479
148 184 512
148 206 233
148 207 186
148 217 513
148 226 463
148 227 428
148 228 472
148 232 388
148 238 149
148 239 458
148 260 110
148 264 223
148 279 399
148 287 133
148 289 270
148 293 435
148 296 572
148 303 223
148 304 541
148 320 44
148 325 279
149 150 399
149 161 432
149 173 195
149 181 90
149 184 438
149 198 109
149 203 187
149 204 225
149 208 202
149 214 309
149 219 385
149 225 209
149 237 130
149 241 225
149 264 271
149 266 162
149 277 453
149 278 327
149 285 300
149 287 467
149 298 353
149 300 254
149 302 330
149 305 69
149 309 284
149 311 311
150 155 557
150 159 173
150 160 368
150 189 124
150 195 149
150 197 523
150 203 213
150 212 184
150 214 112
150 221 291
150 226 183
150 229 527
150 238 408
150 241 537
150 256 456
150 264 337
150 267 484
150 274 112
150 275 233
150 276 651
150 289 410
150 300 530
150 302 115
150 303 491
150 315 224
150 322 416
151 153 167
151 214 159
151 250 221
151 264 226
151 276 553
151 281 668
151 296 1015
151 299 105
151 310 357
151 318 199
152 167 184
152 172 259
152 183 82
152 184 138
152 187 243
152 188 82
152 213 67
152 216 514
152 218 288
152 234 157
152 243 250
152 264 251
152 272 241
152 297 190
152 303 400
152 309 289
152 313 231
153 162 325
153 172 350
153 177 120
153 181 302
153 232 189
153 248 750
153 249 173
153 269 341
153 272 258
153 273 122
153 321 650
154 165 254
154 167 170
154 173 10
154 181 152
154 189 188
154 191 242
154 195 89
154 240 85
154 246 201
154 247 205
154 255 182
154 269 382
154 280 215
154 288 262
154 291 331
154 300 300
154 307 142
154 308 142
154 320 368
155 157 454
155 168 376
155 184 509
155 197 164
155 213 513
155 224 153
155 230 532
155 232 397
155 244 312
155 245 522
155 252 473
155 259 285
155 260 98
155 273 398
155 295 64
155 304 544
155 322 141
156 157 177
156 162 10
156 178 109
156 192 603
156 193 653
156 194 565
156 201 816
156 206 505
156 207 455
156 210 601
156 217 278
156 230 208
156 251 158
156 257 272
156 259 522
156 273 358
156 291 635
156 292 382
157 185 449
157 187 135
157 188 228
157 193 478
157 206 337
157 236 414
157 246 431
157 249 124
157 251 128
157 254 721
157 256 355
157 308 108
157 309 271
157 314 221
157 324 84
158 168 77
158 182 357
158 200 630
158 202 269
158 212 307
158 218 122
158 227 193
158 230 237
158 236 255
158 238 308
158 244 240
158 256 369
158 265 231
158 268 150
158 274 300
158 282 350
158 287 574
158 301 363
158 303 295
158 309 317
158 325 257
159 163 527
159 170 211
159 171 785
159 177 288
159 192 427
159 194 404
159 195 183
159 196 111
159 217 201
159 221 202
159 230 153
159 247 232
159 249 124
159 263 720
159 298 261
159 304 219
159 308 107
160 168 320
160 172 43
160 178 313
160 195 285
160 206 265
160 208 198
160 209 223
160 227 257
160 243 447
160 247 65
160 248 539
160 254 525
160 264 121
160 266 297
160 270 374
160 282 323
160 290 357
160 295 294
160 299 248
160 307 236
160 310 261
160 311 203
160 312 346
160 313 230
160 324 260
161 179 659
161 183 603
161 191 302
161 195 597
161 203 556
161 212 633
161 216 137
161 222 668
161 234 702
161 237 561
161 257 568
161 281 62
161 289 377
161 302 634
161 309 392
161 325 477
162 167 427
162 170 377
162 171 952
162 182 550
162 183 251
162 186 269
162 197 644
162 206 501
162 211 235
162 224 536
162 234 136
162 236 578
162 242 792
162 267 616
162 268 286
162 271 732
162 281 856
162 283 307
162 295 644
162 297 404
162 301 342
162 305 498
162 322 496
163 165 195
163 166 459
163 168 367
163 171 395
163 176 504
163 180 435
163 184 575
163 187 439
163 190 408
163 194 247
163 196 579
163 209 458
163 211 475
163 214 540
163 228 528
163 251 596
163 263 260
163 270 434
163 287 212
163 293 501
163 317 391
164 190 185
164 197 523
164 206 379
164 208 358
164 213 189
164 233 663
164 235 360
164 251 68
164 273 234
164 282 512
164 290 160
164 298 330
164 324 83
165 177 341
165 206 174
165 207 91
165 219 377
165 222 426
165 228 368
165 253 328
165 271 233
165 277 420
165 283 226
166 174 146
166 183 126
166 186 260
166 205 278
166 218 404
166 233 517
166 242 533
166 273 233
166 283 48
166 285 244
166 293 85
166 294 179
166 314 158
166 315 376
166 317 80
167 169 474
167 171 852
167 174 332
167 187 393
167 188 106
167 194 239
167 233 606
167 238 352
167 240 89
167 249 273
167 255 350
167 265 231
167 268 153
167 278 210
167 286 551
167 291 475
167 300 429
167 302 223
167 305 159
167 323 239
168 173 69
168 182 281
168 189 239
168 191 277
168 196 274
168 214 178
168 224 225
168 225 230
168 231 310
168 238 232
168 251 285
168 270 71
168 277 317
168 297 116
168 298 300
168 303 240
168 307 162
169 178 545
169 190 358
169 200 226
169 228 471
169 254 263
169 259 256
169 268 450
169 271 140
169 276 128
169 277 526
169 290 513
169 297 273
170 171 657
170 173 67
170 175 186
170 188 160
170 193 319
170 197 270
170 215 412
170 216 345
170 218 228
170 233 433
170 239 161
170 269 371
170 280 221
170 282 259
170 283 158
170 294 189
170 299 242
170 307 119
170 315 253
171 184 846
171 188 812
171 191 464
171 192 402
171 214 886
171 239 818
171 251 891
171 252 828
171 258 359
171 262 921
171 263 154
171 265 841
171 267 525
171 272 634
171 284 759
171 286 315
171 287 241
171 303 548
171 316 689
172 184 241
172 192 268
172 193 312
172 197 346
172 198 417
172 202 127
172 208 193
172 223 207
172 231 266
172 239 269
172 266 298
172 270 342
172 273 253
172 292 111
172 312 305
172 313 214
172 316 140
172 324 218
173 181 161
173 205 66
173 206 143
173 216 387
173 223 297
173 232 125
173 234 252
173 242 513
173 252 147
173 258 355
173 266 228
173 268 116
173 275 150
173 288 254
173 297 71
173 314 146
173 325 128
174 175 238
174 182 422
174 202 287
174 219 64
174 226 55
174 240 300
174 244 204
174 252 331
174 264 287
174 276 624
174 291 507
174 309 319
174 312 146
174 314 267
175 179 242
175 186 70
175 218 219
175 219 175
175 227 117
175 231 225
175 243 164
175 248 710
175 251 186
175 260 568
175 287 599
175 292 243
175 295 461
175 301 324
175 305 193
175 309 317
176 186 33
176 189 134
176 195 59
176 196 133
176 219 128
176 221 228
176 229 456
176 232 197
176 245 172
176 252 145
176 264 273
176 266 361
176 280 125
176 293 179
176 298 343
176 299 208
176 320 509
176 324 115
177 192 381
177 193 439
177 198 127
177 206 189
177 212 273
177 214 136
177 220 424
177 221 218
177 237 112
177 243 105
177 252 55
177 259 164
177 264 252
177 287 548
177 290 171
177 304 173
177 316 183
178 198 435
178 200 769
178 202 322
178 206 399
178 208 380
178 209 153
178 210 493
178 218 440
178 222 263
178 242 706
178 254 807
178 256 441
178 260 605
178 271 634
178 272 371
178 298 352
178 307 394
178 311 476
178 312 137
178 318 86
178 323 167
178 326 332
179 183 99
179 188 228
179 198 414
179 202 239
179 210 439
179 218 409
179 239 179
179 247 229
179 248 727
179 252 329
179 254 718
179 257 95
179 259 358
179 268 182
179 272 313
179 277 75
179 320 495
180 183 146
180 211 248
180 218 183
180 222 89
180 224 282
180 235 170
180 238 278
180 242 585
180 284 229
180 287 549
180 293 217
180 309 271
180 325 196
181 183 281
181 188 243
181 197 152
181 211 339
181 223 243
181 253 120
181 256 208
181 257 308
181 261 334
181 277 415
181 279 260
181 288 412
181 294 329
181 299 400
181 305 92
181 307 76
182 187 280
182 196 439
182 202 138
182 204 236
182 206 150
182 230 440
182 232 305
182 235 186
182 242 258
182 244 223
182 250 533
182 259 198
182 261 436
182 262 475
182 266 118
182 275 386
182 294 387
182 324 372
183 184 120
183 186 138
183 188 138
183 192 375
183 204 106
183 208 234
183 217 140
183 227 41
183 236 328
183 243 296
183 256 307
183 279 23
183 283 142
183 285 280
183 289 311
183 305 258
184 187 198
184 192 480
184 194 430
184 203 260
184 223 432
184 258 508
184 269 130
184 291 511
184 304 184
184 306 14
184 309 324
184 323 137
184 324 76
185 186 402
185 191 196
185 211 412
185 212 421
185 222 366
185 240 249
185 247 295
185 299 479
185 312 431
185 320 231
186 204 183
186 210 369
186 218 288
186 222 85
186 248 758
186 263 774
186 274 154
186 283 279
186 284 329
186 290 18
186 304 32
186 323 146
187 206 295
187 229 307
187 234 174
187 250 268
187 254 610
187 260 391
187 261 317
187 267 389
187 268 261
187 275 381
187 297 214
187 305 358
187 322 226
188 199 187
188 210 290
188 212 216
188 215 547
188 222 69
188 242 612
188 244 183
188 246 239
188 256 360
188 257 237
188 258 454
188 269 344
188 286 529
188 288 214
188 291 439
188 298 333
188 299 243
188 302 118
188 317 290
189 192 423
189 200 680
189 203 200
189 205 246
189 219 25
189 220 511
189 226 76
189 233 597
189 242 621
189 252 268
189 253 351
189 258 454
189 268 119
189 273 166
189 280 50
189 284 406
189 290 131
189 306 64
189 314 213
190 196 172
190 204 50
190 207 229
190 210 293
190 212 125
190 214 183
190 217 159
190 225 246
190 230 169
190 253 255
190 254 620
190 262 205
190 279 39
190 283 143
190 286 458
190 304 188
190 308 74
191 192 69
191 198 361
191 200 326
191 224 68
191 228 370
191 233 243
191 234 400
191 245 424
191 246 316
191 251 444
191 253 303
191 273 294
191 280 401
191 281 324
191 293 336
191 295 109
191 315 424
191 317 215
192 194 256
192 215 171
192 223 72
192 251 512
192 260 143
192 262 531
192 270 402
192 276 159
192 277 493
192 309 157
192 311 45
192 316 303
193 197 159
193 205 348
193 206 253
193 209 429
193 212 450
193 218 408
193 219 501
193 228 493
193 233 121
193 241 149
193 247 249
193 248 255
193 271 159
193 283 349
193 290 542
193 295 56
193 298 229
193 307 228
193 310 159
193 316 359
193 323 414
194 200 444
194 214 323
194 216 279
194 235 85
194 238 196
194 241 183
194 244 256
194 259 47
194 293 376
194 296 811
194 300 208
194 302 324
194 325 247
194 326 144
195 196 155
195 199 138
195 203 76
195 239 39
195 260 508
195 271 469
195 274 167
195 297 140
195 305 191
195 309 252
196 198 379
196 201 732
196 206 363
196 224 412
196 248 792
196 254 789
196 255 288
196 278 89
196 316 192
196 317 268
196 319 281
196 324 67
196 325 250
196 326 297
197 202 234
197 216 113
197 220 94
197 223 191
197 255 287
197 256 171
197 266 70
197 274 501
197 280 490
197 293 444
197 299 504
197 311 162
198 204 241
198 216 430
198 219 362
198 225 301
198 231 420
198 241 333
198 245 414
198 254 624
198 258 448
198 259 163
198 274 398
198 295 403
198 305 96
199 220 453
199 234 110
199 241 410
199 253 337
199 257 57
199 258 389
199 263 658
199 267 375
199 297 167
199 300 390
199 302 85
199 306 111
199 315 301
200 201 144
200 202 450
200 210 427
200 211 623
200 213 721
200 217 725
200 219 704
200 220 188
200 228 696
200 233 85
200 237 613
200 241 263
200 250 837
200 258 232
200 271 199
200 272 464
200 277 750
200 281 3
200 283 554
200 294 699
200 301 524
200 311 295
200 312 740
200 316 559
201 207 364
201 210 493
201 211 584
201 221 476
201 224 367
201 241 325
201 242 90
201 243 689
201 260 135
201 266 387
201 281 145
201 286 190
201 289 482
201 292 472
201 307 429
201 320 206
202 213 292
202 217 292
202 218 277
202 223 159
202 229 198
202 247 76
202 256 127
202 257 155
202 261 309
202 265 263
202 268 238
202 272 133
202 276 338
202 289 207
202 291 224
202 307 102
202 314 22
202 317 130
202 323 165
202 325 54
202 326 87
203 207 312
203 211 254
203 215 487
203 220 411
203 227 129
203 229 381
203 230 198
203 234 273
203 237 147
203 254 633
203 269 389
203 273 35
203 274 242
203 291 385
203 294 173
203 306 261
203 312 175
203 321 535
203 323 148
204 205 98
204 208 140
204 226 209
204 229 304
204 241 308
204 243 237
204 268 130
204 270 161
204 272 118
204 282 285
204 288 240
204 292 88
204 306 222
204 308 121
204 310 221
204 317 179
205 218 128
205 227 179
205 236 159
205 246 145
205 267 206
205 269 440
205 271 344
205 276 388
205 280 271
205 297 84
205 300 272
205 305 68
205 308 199
206 214 309
206 223 208
206 225 94
206 230 348
206 233 350
206 244 178
206 253 154
206 258 243
206 260 338
206 262 376
206 270 209
206 293 307
206 311 192
206 325 163
207 210 327
207 247 56
207 250 432
207 251 390
207 254 445
207 266 230
207 273 293
207 275 404
207 282 247
207 287 266
207 295 212
207 301 117
207 313 196
207 322 87
208 225 66
208 227 245
208 232 214
208 247 134
208 248 442
208 251 370
208 257 224
208 260 289
208 262 381
208 264 82
208 270 253
208 280 329
208 282 155
208 289 147
208 296 762
208 301 204
208 303 175
208 306 341
208 308 255
208 319 181
209 220 457
209 226 118
209 230 127
209 234 128
209 239 92
209 245 131
209 262 166
209 269 252
209 270 203
209 291 404
209 298 241
209 304 163
209 316 71
210 216 267
210 217 370
210 218 121
210 236 70
210 252 244
210 260 397
210 266 116
210 281 425
210 285 272
210 300 202
210 304 392
210 307 146
210 311 272
210 316 292
210 324 392
211 219 125
211 236 376
211 243 396
211 259 331
211 301 112
211 311 329
211 315 357
211 317 106
211 318 208
211 320 439
212 220 493
212 239 170
212 242 590
212 276 549
212 277 98
212 281 653
212 288 118
212 304 222
212 308 96
212 312 173
212 317 146
212 321 530
212 325 159
213 231 181
213 237 236
213 241 472
213 260 598
213 263 772
213 277 198
213 286 594
213 293 200
213 296 1080
213 314 284
213 319 323
213 324 132
214 220 545
214 243 198
214 256 432
214 267 418
214 272 269
214 274 198
214 281 728
214 285 411
214 290 58
214 298 396
214 302 141
214 312 85
214 319 347
214 323 179
215 216 68
215 218 432
215 221 395
215 238 271
215 244 439
215 246 414
215 266 230
215 269 755
215 280 629
215 281 113
215 291 140
215 293 569
215 307 300
215 323 516
216 240 424
216 243 473
216 246 367
216 260 164
216 263 230
216 267 167
216 269 688
216 271 77
216 285 211
216 301 382
216 303 191
216 319 362
216 321 182
217 218 288
217 229 488
217 244 219
217 247 333
217 249 118
217 262 76
217 284 329
217 295 504
217 314 283
218 226 422
218 233 485
218 235 142
218 240 129
218 244 286
218 267 216
218 279 288
218 287 522
218 294 332
218 322 312
218 326 191
219 239 114
219 241 482
219 245 56
219 251 68
219 258 478
219 264 258
219 291 477
219 294 40
219 295 484
219 299 81
219 310 393
220 229 147
220 241 79
220 243 455
220 245 582
220 251 595
220 277 585
220 278 496
220 281 186
220 283 405
220 302 489
220 308 481
221 225 165
221 232 234
221 235 152
221 263 533
221 264 47
221 269 365
221 271 356
221 284 329
221 289 226
221 303 273
221 310 189
221 315 311
221 316 72
221 320 303
222 233 637
222 234 277
222 235 252
222 237 177
222 245 246
222 252 91
222 254 746
222 259 268
222 261 82
222 265 165
222 274 236
222 290 101
222 298 401
222 301 367
222 303 389
222 317 356
222 319 359
223 229 45
223 235 242
223 238 100
223 246 374
223 247 144
223 259 258
223 268 396
223 274 425
223 278 384
223 288 459
223 291 98
223 295 118
223 323 319
223 325 205
224 229 140
224 237 309
224 248 384
224 249 422
224 252 321
224 259 135
224 261 393
224 266 67
224 267 108
224 270 295
224 276 223
224 279 278
224 291 132
224 297 147
224 301 246
224 309 115
225 229 136
225 239 331
225 244 208
225 247 174
225 257 282
225 259 139
225 260 244
225 273 261
225 278 336
225 298 180
225 303 137
225 307 69
225 324 352
226 235 334
226 236 424
226 248 735
226 250 153
226 256 360
226 264 247
226 266 419
226 278 138
226 293 42
226 294 125
226 319 189
227 245 134
227 249 122
227 255 206
227 260 507
227 272 218
227 281 645
227 284 335
227 285 303
227 286 522
227 288 139
227 291 422
227 296 998
227 310 327
227 322 289
228 246 388
228 255 230
228 269 185
228 274 39
228 276 581
228 286 573
228 293 60
228 326 251
229 264 190
229 266 186
229 268 434
229 285 98
229 286 159
229 292 232
229 294 448
229 299 451
229 301 258
229 307 199
229 310 145
229 312 495
229 320 91
229 322 112
229 324 429
230 239 94
230 247 331
230 253 349
230 277 119
230 291 526
230 302 90
230 305 316
230 306 121
230 312 27
230 325 257
231 237 402
231 257 183
231 262 124
231 272 357
231 286 637
231 306 39
231 310 453
231 312 123
231 320 572
232 259 116
232 278 239
232 285 317
232 287 520
232 291 372
232 299 369
232 322 289
232 324 279
233 240 523
233 265 629
233 271 156
233 276 95
233 280 644
233 288 679
233 310 254
233 320 105
234 235 354
234 238 364
234 246 454
234 248 770
234 257 140
234 260 556
234 267 483
234 289 433
234 296 1055
234 300 500
234 303 500
234 304 210
234 314 260
234 316 184
234 319 228
235 254 495
235 295 247
235 299 352
235 303 152
235 305 83
235 319 251
236 237 239
236 242 354
236 245 454
236 246 162
236 260 330
236 278 350
236 288 461
236 292 221
236 299 444
236 300 138
236 326 145
237 242 592
237 251 367
237 297 234
237 298 417
237 309 354
238 242 314
238 265 344
238 280 360
238 299 357
238 307 79
238 308 288
238 309 66
238 312 374
238 313 113
238 318 474
239 274 148
239 275 151
239 283 236
239 286 545
239 290 63
239 294 76
239 308 74
239 310 346
240 277 307
240 278 177
240 279 168
240 312 200
240 320 424
240 322 287
240 324 218
241 261 493
241 262 544
241 270 369
241 278 440
241 283 376
241 293 454
241 307 164
241 312 500
242 251 711
242 265 656
242 266 313
242 274 667
242 282 256
242 290 685
242 312 688
242 314 408
242 320 137
242 321 99
242 322 306
243 254 672
243 256 408
243 296 1007
243 297 243
243 299 410
243 303 294
243 320 484
244 249 228
244 255 87
244 265 180
244 273 137
244 289 251
244 294 168
244 295 315
244 296 880
244 300 302
244 324 150
244 325 35
245 252 316
245 254 787
245 283 214
245 306 31
245 308 115
245 309 337
245 312 122
245 324 78
246 256 339
246 257 393
246 274 426
246 276 388
246 293 403
246 306 443
246 309 321
246 312 354
246 326 201
247 252 356
247 256 128
247 257 134
247 263 489
247 264 58
247 272 208
247 307 171
247 318 378
247 325 85
248 255 523
248 263 96
248 267 353
248 272 493
248 278 712
248 297 531
248 305 542
248 317 575
249 250 173
249 294 67
249 303 498
249 307 372
249 321 654
249 323 149
249 325 262
250 262 235
250 269 9
250 277 117
250 282 620
250 286 721
250 294 220
250 306 133
250 307 486
250 313 445
250 314 381
251 257 212
251 265 64
251 266 461
251 274 63
251 285 416
251 296 1114
252 257 327
252 263 710
252 272 195
252 275 11
252 277 334
252 295 443
252 296 1018
252 306 325
252 307 259
252 310 330
252 312 208
253 270 136
253 272 132
253 273 187
253 274 396
253 281 531
253 290 305
253 297 196
253 303 186
253 310 235
253 316 267
253 319 369
253 323 290
254 256 367
254 260 238
254 275 694
254 276 172
254 279 657
254 320 225
254 325 540
255 318 355
255 321 354
255 323 161
255 325 59
256 264 120
256 268 363
256 270 362
256 284 379
256 286 212
256 291 105
256 297 191
256 298 117
256 300 132
256 307 139
257 258 356
257 264 150
257 268 204
257 277 169
257 280 170
257 284 426
257 296 916
257 313 220
257 316 99
257 317 75
257 318 244
258 263 269
258 269 609
258 276 159
258 291 42
258 294 478
258 301 292
258 326 270
259 266 109
259 286 326
259 292 188
259 304 326
259 321 419
260 270 540
260 290 605
260 308 510
260 313 352
261 269 289
261 273 141
261 281 739
261 290 24
261 306 190
261 308 128
261 324 134
262 272 339
262 274 128
262 275 230
262 308 137
262 310 461
262 314 328
262 316 232
263 280 769
263 298 463
263 300 307
263 305 579
263 308 700
263 315 762
263 319 538
263 322 407
264 265 270
264 267 230
264 276 339
264 279 180
264 283 129
264 291 221
264 292 42
264 294 258
264 295 229
264 298 88
264 307 117
264 321 340
265 271 560
265 300 470
265 308 57
265 316 153
265 318 190
266 295 140
266 300 96
266 306 443
266 307 85
266 312 417
267 272 152
267 278 392
267 282 58
267 299 480
268 276 544
268 277 183
268 285 340
268 304 84
269 270 426
269 281 839
269 290 268
269 300 623
269 321 704
270 273 92
270 284 175
270 290 172
270 304 170
271 272 288
271 274 591
271 279 471
271 285 260
271 293 531
271 321 255
272 301 264
272 307 65
272 314 148
272 318 452
272 321 414
272 326 51
273 299 242
273 314 183
273 319 248
274 282 490
274 284 449
274 297 259
274 299 56
275 278 204
275 292 280
275 315 44
275 317 371
276 279 501
276 287 192
276 297 369
276 304 624
276 314 358
277 288 34
277 298 331
277 303 515
277 308 127
277 322 386
277 323 152
278 291 448
278 304 112
278 308 26
278 321 575
279 284 337
279 289 290
279 301 188
279 320 434
279 322 259
280 282 480
280 287 608
280 288 48
280 294 41
280 313 292
280 321 617
281 283 553
281 286 125
281 291 225
281 297 492
281 299 713
281 305 517
281 309 412
281 322 363
281 326 470
282 284 292
283 291 333
283 296 878
283 307 240
283 308 171
283 314 118
283 322 200
284 293 431
285 287 238
285 288 405
285 289 240
285 290 400
285 292 135
285 314 115
285 325 149
286 287 147
286 291 107
286 303 234
286 304 626
286 308 531
286 314 346
286 316 435
286 320 69
286 323 490
287 305 478
287 307 338
287 318 692
287 323 501
287 325 387
288 296 1101
288 298 350
288 315 308
288 320 575
288 322 398
288 323 154
289 300 190
289 307 109
290 291 513
290 309 346
290 323 148
290 325 255
291 297 273
291 300 72
291 304 533
291 319 287
291 320 40
291 324 458
291 325 276
292 300 256
292 316 76
292 320 299
293 315 318
294 314 236
294 319 247
294 320 513
294 324 32
294 325 202
295 312 518
296 301 841
296 304 1112
296 310 692
296 311 636
297 302 178
297 304 261
297 311 223
298 302 279
298 306 309
298 310 206
298 314 101
299 305 382
299 311 421
300 306 500
300 313 209
300 317 326
300 319 307
300 320 88
301 313 224
301 314 118
301 321 384
303 304 450
304 307 347
304 309 370
305 321 490
306 309 314
307 323 229
308 310 339
308 317 201
308 326 200
309 312 344
309 313 131
309 324 275
310 311 115
310 326 145
311 312 458
311 317 234
312 315 196
312 319 306
313 324 251
313 325 117
316 322 197
318 321 698
318 324 185
320 321 143
323 326 167
